Ashery pot   (m, 360)

[1]: 2018/06/27     0.00  "just famiiliarisation"

   100.0              0.00          0.00      0.00    

   100.0                   0.594  260.33  -11.32  [1]    
   100.0                   0.582  201.76    2.29  [1]    
   100.0                   0.870  183.09    6.59  [1]    
   100.0                   1.294  184.59  -39.08  [1]    
   100.0                   1.459  246.68  -48.42  [1]    
   100.0       100.1       0.671  266.00  -30.06  [1]    
   100.0       100.1       0.672  266.07  -29.82  [1]    
   100.0       100.1       0.673  266.13  -29.61  [1]    
   100.1                   0.348   51.18   31.99  [1]    
   100.1                   0.781  250.19  -79.46  [1]    
   100.1                   1.210  122.08   24.39  [1]    
   100.1                   1.281  127.06  -22.37  [1]    
   100.1                   1.341  329.94   -5.15  [1]    
   100.1                   0.880  325.32  -46.31  [1]    
   100.1                   1.101  300.99  -48.61  [1]    
   100.1                   1.007  291.32  -58.75  [1]    
   100.1       100.2       0.699  337.59  -16.47  [1]    
   100.1       100.2       0.697  337.70  -16.57  [1]    
   100.1       100.2       0.697  337.79  -16.43  [1]    
   100.2                   1.213  227.99  -48.83  [1]    
   100.2                   0.801  309.33   -0.59  [1]    
   100.2                   0.173  238.55    6.64  [1]    
   100.2                   0.337  281.44   62.85  [1]    
   100.2                   0.461    7.81   69.88  [1]    
   100.2                   0.598  147.61   38.59  [1]    
   100.2                   0.924  308.00   31.47  [1]    
   100.2       100.3       1.017  304.60  -12.69  [1]    
   100.2       100.3       1.011  304.85  -12.73  [1]    
   100.2       100.3       1.011  304.82  -12.60  [1]    
   100.3                   0.505   88.96    2.76  [1]    
   100.3                   0.783   91.06   46.09  [1]    
   100.3                   0.901  124.69   72.19  [1]    
   100.3                   0.940   91.19   67.76  [1]    
   100.3                   0.789   90.74   64.01  [1]    
   100.3                   0.718   87.26   42.78  [1]    
   100.3                   0.148  224.68    9.31  [1]    
   100.3                   0.571  312.85   26.17  [1]    
   100.3                   0.487  324.46   42.06  [1]    
   100.3                   1.164  280.29  -56.88  [1]    
   100.3                   1.262  300.05  -47.13  [1]    
   100.3                   0.818  252.41  -58.89  [1]    
   100.3                   0.579  128.81   13.32  [1]    
   100.3                   0.371  161.58    6.00  [1]    
   100.3                   0.669  141.14   46.13  [1]    
   100.3                   1.020  159.67  -28.71  [1]    
   100.3                   1.164  184.53  -46.74  [1]    
   100.3                   1.120  163.76  -54.54  [1]    
   100.3                   1.112  223.46  -61.95  [1]    
   100.3                   1.045  206.66  -75.97  [1]    
   100.4       100.3       0.932  132.91   18.41  [1]    
   100.4       100.3       0.931  132.96   18.34  [1]    
   100.4       100.3       0.932  132.95   18.35  [1]    
   100.4                   1.249   11.82   67.85  [1]    
   100.4                   0.634  193.93  -79.94  [1]    
   100.4                   0.537  104.62   -1.89  [1]    
   100.4                   0.740   82.61   47.16  [1]    
   100.4                   0.816  358.80   74.73  [1]    
   100.4                   0.901  344.89    9.34  [1]    
   100.4                   0.845  344.51  -23.70  [1]    
   100.4                   0.883    5.00  -26.81  [1]    
   100.4                   0.794    7.20    4.19  [1]    
   100.4                   0.925    2.21   24.34  [1]    
   100.4                   1.472    3.89   48.59  [1]    
   100.4                   1.379  207.30    0.23  [1]    
   100.4                   0.755  217.42    2.01  [1]    
   100.4                   0.990  262.77    1.68  [1]    
   100.4                   0.791  103.16  -41.52  [1]    
   100.4                   1.911   48.29  -19.17  [1]    
   100.4                   5.701   33.37   -4.93  [1]    
   100.4                   3.212   34.76   -9.23  [1]    
   100.4                   1.931   35.36  -11.32  [1]    
   100.4       100.5       1.304   32.86   19.22  [1]    
   100.4       100.5       1.269   32.92   19.07  [1]    
   100.4       100.5       1.283   32.92   19.01  [1]    
   100.5                   0.672  318.40   51.87  [1]    
   100.5                   0.841  310.30   47.03  [1]    
   100.5                   0.545  304.12   30.32  [1]    
   100.5                   0.407  305.96   11.17  [1]    
   100.5                   0.368  315.62   -0.83  [1]    
   100.5                   0.543  311.04    2.93  [1]    
   100.5                   0.366  320.19  -61.48  [1]    
   100.5                   0.666   31.40  -83.70  [1]    
   100.5                   0.802   70.25  -82.14  [1]    
   100.5                   1.094  101.70  -75.21  [1]    
   100.5                   1.049  111.88  -64.48  [1]    
   100.5       100.6       1.135   31.94  -34.65  [1]    
   100.5       100.6       1.136   32.04  -34.52  [1]    
   100.5       100.6       1.146   32.39  -34.57  [1]    
   100.6                   1.774  329.06   58.19  [1]    
   100.6                   0.650  115.49  -81.52  [1]    
   100.6                   2.073   35.94  -67.21  [1]    
   100.6                   0.197  116.23   13.91  [1]    
   100.6                   0.905   88.57  -47.04  [1]    
   100.6                   1.230  315.52   73.39  [1]    
   100.6                   1.200  320.25   65.42  [1]    
   100.6                   0.654  300.16  -14.79  [1]    
   100.6                   0.903  341.66  -11.81  [1]    
   100.6                   1.183  343.78  -11.52  [1]    
   100.6                   0.976    0.72  -10.94  [1]    
   100.6                   0.900   20.92   -8.15  [1]    
   100.6                   1.205   30.48   -5.59  [1]    
   100.6       100.7       1.263    5.36  -37.30  [1]    
   100.6       100.7       1.264    5.79  -37.09  [1]    
   100.6       100.7       1.258    5.68  -37.20  [1]    
   100.7       100.8       1.152  266.01  -84.77  [1]    
   100.7       100.8       1.156  266.28  -84.84  [1]    
   100.7       100.8       1.129  264.97  -84.77  [1]    
   100.8                   0.549   91.44   13.63  [1]    
   100.8                   0.803  128.75    7.55  [1]    
   100.8                   0.800  173.19   12.38  [1]    
   100.8                   0.623  204.20   13.43  [1]    
   100.8                   0.324  247.64   -2.69  [1]    
   100.8                   0.331  286.59  -10.60  [1]    
   100.8                   0.884  303.43  -13.73  [1]    
   100.8                   1.212  317.58  -18.95  [1]    
   100.8                   1.772  314.56   52.72  [1]    
   100.8                   1.668    0.25   -7.81  [1]    
   100.8                   1.772   20.54   -2.41  [1]    
   100.8                   1.782   38.12    2.10  [1]    
   100.8                   1.857   58.37    7.73  [1]    
   100.8                   2.028   62.64    9.20  [1]    
   100.8                   2.160   69.96   11.95  [1]    
   100.8                   1.354   72.97   12.10  [1]    
   100.8                   1.176   91.13    8.16  [1]    
   100.8       100.9       1.230  328.15  -11.74  [1]    
   100.8       100.9       1.234  328.10  -11.59  [1]    
   100.8       100.9       1.230  328.02  -11.73  [1]    
   100.9                   0.215  239.50   -1.34  [1]    
   100.9                   0.845   41.93    0.58  [1]    
   100.9                   1.126  329.01  -15.88  [1]    
   100.9                   1.539  296.22  -12.67  [1]    
   100.9                   2.140  302.14  -14.40  [1]    
   100.9                   3.412  304.51  -13.92  [1]    
   100.9                   1.530  318.06  -15.13  [1]    
   100.9       100.10      0.883  280.01  -24.58  [1]    
   100.9       100.10      0.899  280.00  -23.73  [1]    
   100.9       100.10      0.901  279.74  -23.54  [1]    
   100.10                  0.254  334.21   27.19  [1]    
   100.10                  0.884  344.58   -2.76  [1]    
   100.10      100.11      1.504  318.49   -5.47  [1]    
   100.10      100.11      1.503  318.63   -5.50  [1]    
   100.10      100.11      1.503  318.70   -5.51  [1]    
   100.11                  0.241  214.38   -4.44  [1]    
   100.11                  0.389  225.14  -50.88  [1]    
   100.11                  0.329  343.20  -82.18  [1]    
   100.11                  0.244   48.32  -46.15  [1]    
   100.11                  0.801  285.16   68.35  [1]    
   100.11      100.12      1.152  302.48  -18.11  [1]    
   100.11      100.12      1.152  302.09  -17.96  [1]    
   100.11      100.12      1.153  301.93  -18.01  [1]    
   100.12                  0.343  170.29   -3.39  [1]    
   100.12                  0.352  313.39   46.38  [1]    
   100.12                  0.524   30.31   33.94  [1]    
   100.12                  0.413   55.42    6.59  [1]    
   100.12                  0.713   62.33   60.32  [1]    
   100.12      100.13      0.706   11.51   29.65  [1]    
   100.12      100.13      0.709   11.66   30.05  [1]    
   100.12      100.13      0.710   11.65   30.05  [1]    
   100.13                  0.290   38.68   11.43  [1]    
   100.13                  2.416   21.56    8.12  [1]    
   100.13                  1.048   19.34    7.23  [1]    
   100.13                  0.508  358.97    3.01  [1]    
   100.13                  0.740  337.52    5.90  [1]    
   100.13                  1.826  301.14   14.74  [1]    
   100.13                  2.314  288.53   13.43  [1]    
   100.13                  1.496  325.78    9.84  [1]    
   100.13      100.14      1.270  290.36   13.69  [1]    
   100.13      100.14      1.269  290.57   13.53  [1]    
   100.13      100.14      1.271  290.46   13.25  [1]    
   100.14                  1.200  125.63  -14.51  [1]    
   100.14                  2.658  282.63   77.57  [1]    
   100.14                  0.641  322.79   -4.15  [1]    
   100.14                  1.234    6.10    2.21  [1]    
   100.14                  0.864  331.48  -42.10  [1]    
   100.14                  0.862   56.30    7.03  [1]    
   100.14                  1.015  125.57    3.33  [1]    
   100.14                  1.472  170.83    2.64  [1]    
   100.14                  2.501  191.19   -0.63  [1]    
   100.14                  2.284  196.47   23.04  [1]    
   100.14                  1.009  274.92   -1.11  [1]    
   100.14                  1.153  242.78    1.59  [1]    
   100.14                  1.202  232.34    2.20  [1]    
   100.14                  1.355  226.87    4.94  [1]    
   100.14                  2.267  216.92    5.63  [1]    
   100.14                  1.063  224.30   -5.84  [1]    
   100.14                  1.036  212.49   -0.71  [1]    
   100.14                  2.060  195.79    1.46  [1]    
   100.14      100.15      1.000   14.94  -18.76  [1]    
   100.14      100.15      0.999   14.92  -18.62  [1]    
   100.14      100.15      0.999   14.95  -18.53  [1]    
   100.14      101.0       0.000    0.00    0.00  [1]    
   101.0       101.1       1.929  203.02    9.04  [1]    
   101.0       101.1       1.929  203.06    9.13  [1]    
   101.0       101.1       1.923  203.04    8.98  [1]    
   101.1                   0.550  146.51   -3.58  [1]    
   101.1                   0.658  324.37   86.39  [1]    
   101.1                   0.615  289.10   12.58  [1]    
   101.1                   0.928  241.95   -3.02  [1]    
   101.1                   2.176  222.05   -0.22  [1]    
   101.1                   1.181  182.80  -13.36  [1]    
   101.1                   1.689  187.56   -1.59  [1]    
   101.1                   2.618  195.10    3.19  [1]    
   101.1                   3.504  198.97    4.21  [1]    
   101.1                   3.686  201.23    2.46  [1]    
   101.1                   3.681  201.19    2.41  [1]    
   101.1       101.2       2.766  201.26    2.45  [1]    
   101.1       101.2       2.748  201.01    2.16  [1]    
   101.1       101.2       2.742  201.16    2.18  [1]    
   101.2                   0.276  109.29   11.52  [1]    
   101.2                   0.411  218.56   81.64  [1]    
   101.2                   0.980  296.72    4.08  [1]    
   101.2                   1.590  250.21   19.78  [1]    
   101.2                   1.829  204.36   14.40  [1]    
   101.2       101.3       1.189  245.48   19.96  [1]    
   101.2       101.3       1.191  244.91   19.84  [1]    
   101.2       101.3       1.188  244.86   19.84  [1]    
   101.3                   0.850  126.02    0.69  [1]    
   101.3                   2.055  182.09   -2.94  [1]    
   101.3                   1.348  201.09    9.74  [1]    
   101.3                   1.189  227.15   11.48  [1]    
   101.3                   0.744  214.02   52.80  [1]    
   101.3                   0.755   19.35   64.07  [1]    
   101.3                   1.361   21.44   44.88  [1]    
   101.3                   1.573   44.30  -14.04  [1]    
   101.3                   1.808  234.15   43.83  [1]    
   101.3       101.4       2.063  185.63   -5.61  [1]    
   101.3       101.4       2.047  185.48   -5.52  [1]    
   101.3       101.4       2.048  185.58   -5.55  [1]    
   100.15                  0.000    0.00    0.00  [1]    
   100.15                  0.220  302.82  -13.78  [1]    
   100.15                  0.213  116.95  -12.88  [1]    
   100.15                  0.859   21.67  -84.89  [1]    
   100.15      100.16      1.336   35.19  -29.98  [1]    
   100.15      100.16      1.347   35.28  -30.41  [1]    
   100.15      100.16      1.347   35.09  -30.24  [1]    
   100.16                  0.347  294.49    0.58  [1]    
   100.16                  0.272  125.15   17.78  [1]    
   100.16                  0.927  356.04   83.97  [1]    
   100.16      100.17      1.655   10.88  -34.37  [1]    
   100.16      100.17      1.656   10.89  -34.25  [1]    
   100.16      100.17      1.656   10.84  -34.19  [1]    
   100.17                  1.269  205.34   17.28  [1]    
   100.17                  2.403  212.03   10.48  [1]    
   100.17                  0.800  267.02   81.32  [1]    
   100.17                  0.475  108.62  -86.31  [1]    
   100.17                  1.230  285.85   -0.36  [1]    
   100.17                  1.447  209.02   33.34  [1]    
   100.17                  3.580  212.59    5.83  [1]    
   100.17                  3.803  224.47    9.35  [1]    
   100.17                  2.691  236.52   10.59  [1]    
   100.17                  1.618  248.25   15.19  [1]    
   100.17                  2.125  322.79    2.21  [1]    
   100.17                  1.294  102.26   38.31  [1]    
   100.17                  2.153  103.50   31.26  [1]    
   100.17                  2.217   68.79   30.89  [1]    
   100.17                  2.314   42.61   20.93  [1]    
   100.17                  2.607   25.73    9.51  [1]    
   100.17                  3.169    7.48    1.51  [1]    
   100.17                  4.284    0.64   -2.01  [1]    
   100.17                  4.974  351.44   -4.52  [1]    
   100.17                  2.338   17.97   -2.61  [1]    
   100.17      100.18      4.079  337.66   -8.00  [1]    
   100.17      100.18      4.087  337.78   -7.87  [1]    
   100.17      100.18      4.090  337.79   -7.84  [1]    
   100.18                  0.564   41.62  -75.99  [1]    
   100.18                  0.268  325.62   84.23  [1]    
   100.18                  1.218   32.10    5.32  [1]    
   100.18                  1.320  212.27    2.43  [1]    
   100.18                  1.595  168.00    0.82  [1]    
   100.18                  1.212  231.71   -5.24  [1]    
   100.18                  2.094  251.80   -5.94  [1]    
   100.18                  5.218  261.22   -5.86  [1]    
   100.18                  4.754  269.03   -6.62  [1]    
   100.18                  1.673  270.60   -7.10  [1]    
   100.18                  1.806  340.32   -8.48  [1]    
   100.18                  2.265  356.26   -7.31  [1]    
   100.18                  1.351   26.07    2.76  [1]    
   100.18                  1.566   48.80    6.42  [1]    
   100.18      100.19      2.145  348.18  -11.89  [1]    
   100.18      100.19      2.142  348.07  -11.77  [1]    
   100.18      100.19      2.143  348.01  -11.71  [1]    
   100.19                  0.521    3.35   79.84  [1]    
   100.19                  0.368   61.52    0.35  [1]    
   100.19                  0.379  218.51    0.11  [1]    
   100.19                  0.795  201.27  -64.58  [1]    
   100.19                  0.953  334.00  -17.41  [1]    
   100.19                  1.041  347.43  -20.57  [1]    
   100.19      100.20      1.641  297.84  -27.66  [1]    
   100.19      100.20      1.645  298.25  -27.29  [1]    
   100.19      100.20      1.645  298.13  -27.27  [1]    
   100.20                  0.707  110.32   14.19  [1]    
   100.20                  1.324  189.33   19.52  [1]    
   100.20                  0.972  139.27   31.23  [1]    
   100.20                  2.627  188.85   17.46  [1]    
   100.20                  2.633  188.88   17.39  [1]    
   100.20                  2.232  185.31   15.04  [1]    
   100.20      102.0       0.000    0.00    0.00  [1]    
   102.0       102.1       4.000  212.29    1.43  [1]    
   102.0       102.1       3.999  212.21    1.34  [1]    
   102.0       102.1       3.998  212.21    1.29  [1]    
   102.1                   0.881  124.91   20.22  [1]    
   102.1                   0.746  297.68   -4.37  [1]    
   102.1                   0.710  307.00   77.04  [1]    
   102.1                   1.597   86.09   24.93  [1]    
   102.1                   1.407  113.44   38.44  [1]    
   102.1                   1.343  189.02   31.99  [1]    
   102.1                   3.321    2.97    1.92  [1]    
   102.1                   4.129    9.70   -0.05  [1]    
   102.1                   4.723   18.13    0.41  [1]    
   102.1       102.2       3.063  221.87    5.02  [1]    
   102.1       102.2       3.032  221.82    5.13  [1]    
   102.1       102.2       3.029  221.80    5.07  [1]    
   102.2                   0.763  144.91   53.96  [1]    
   102.2                   0.526  282.12   69.90  [1]    
   102.2                   0.315  288.56  -74.92  [1]    
   102.2                   0.878  321.12   -9.81  [1]    
   102.2                   1.418  272.55    3.02  [1]    
   102.2                   1.923  251.35    4.22  [1]    
   102.2                   2.769  234.51    5.14  [1]    
   102.2                   3.433  221.13    6.49  [1]    
   102.2       102.3       2.126  222.53    2.31  [1]    
   102.2       102.3       2.125  222.71    2.53  [1]    
   102.2       102.3       2.123  222.71    2.22  [1]    
   102.3                   0.619  106.22    8.87  [1]    
   102.3                   0.437  232.02   82.55  [1]    
   102.3                   0.740  280.29    0.81  [1]    
   102.3                   0.183  286.56  -85.20  [1]    
   102.3                   1.426   51.10    3.19  [1]    
   102.3                   1.317  152.40   15.65  [1]    
   102.3                   2.224  182.06   11.71  [1]    
   102.3                   2.387  177.71    9.54  [1]    
   102.3                   2.997  174.02    9.24  [1]    
   102.3       102.4       4.308  166.70    6.80  [1]    
   102.3       102.4       4.308  166.52    6.83  [1]    
   102.3       102.4       4.307  166.30    6.80  [1]    
   102.4                   1.330   38.63    5.31  [1]    
   102.4                   0.825   96.86   81.47  [1]    
   102.4                   4.072  210.82   13.44  [1]    
   102.4                   0.254   70.47  -85.25  [1]    
   102.4                   1.147  327.49    1.49  [1]    
   102.4                   0.816  288.92   20.47  [1]    
   102.4                   0.805  244.98   21.17  [1]    
   102.4                   2.591  210.11    9.83  [1]    
   102.4                   1.824  199.13   12.30  [1]    
   102.4                   1.731  208.07    9.46  [1]    
   102.4                   2.448  210.43   10.42  [1]    
   102.4                   2.614  196.42   14.72  [1]    
   102.4                   1.833  192.70   16.80  [1]    
   102.4                   1.101  173.12   23.92  [1]    
   102.4                   1.507  155.07    8.86  [1]    
   102.4                   1.225  132.48   16.19  [1]    
   102.4                   1.401  119.72   17.59  [1]    
   102.4                   2.579  354.22   -2.66  [1]    
   102.4                   2.094    8.60   -4.14  [1]    
   102.4                   1.454   37.36   -1.18  [1]    
   102.4                   1.537   67.46    4.95  [1]    
   102.4                   2.438   90.75   13.63  [1]    
   102.4       102.5       4.235  104.57   12.90  [1]    
   102.4       102.5       4.236  104.61   13.00  [1]    
   102.4       102.5       4.241  104.53   13.04  [1]    
   102.5                   0.665  359.79    7.23  [1]    
   102.5                   0.449   42.12   84.50  [1]    
   102.5                   1.655  182.07    6.94  [1]    
   102.5                   0.406  251.21  -65.07  [1]    
   102.5                   1.628  248.40    5.41  [1]    
   102.5                   1.630  230.02   11.72  [1]    
   102.5                   1.260  207.63   11.37  [1]    
   102.5                   1.766  193.19   10.87  [1]    
   102.5                   1.552  173.25   11.60  [1]    
   102.5                   1.015  132.60   18.34  [1]    
   102.5                   1.239   83.66   18.10  [1]    
   102.5                   1.765   58.82   17.81  [1]    
   102.5                   0.995   27.77   16.84  [1]    
   102.5                   1.576  303.93   -3.90  [1]    
   100.20                  0.000    0.00    0.00  [1]    
   100.20                  2.441  359.63    0.68  [1]    
   100.20                  1.580  343.33    3.57  [1]    
   100.20                  1.229   71.77   14.03  [1]    
   100.20                  1.667   53.22    7.47  [1]    
   100.20                  2.390   37.12    3.61  [1]    
   100.20                  4.174   28.67    0.70  [1]    
   100.20                  6.641   24.59   -0.92  [1]    
   100.20                  6.004   20.00   -1.20  [1]    
   100.20                  5.168   16.75   -2.48  [1]    
   100.20                  5.292   10.12   -3.06  [1]    
   100.20      100.21      4.229   19.34   -3.93  [1]    
   100.20      100.21      4.217   19.30   -4.21  [1]    
   100.20      100.21      4.214   19.36   -4.21  [1]    
   100.21                  1.370  261.01    4.03  [1]    
   100.21                  0.405  354.22   78.23  [1]    
   100.21                  0.329  181.27  -81.37  [1]    
   100.21                  0.726   73.49   22.75  [1]    
   100.21                  1.496  240.10    5.28  [1]    
   100.21                  2.597  303.82   -6.41  [1]    
   100.21                  4.929   41.13   -0.01  [1]    
   100.21                  3.588  324.37  -11.95  [1]    
   100.21                  3.120  324.31  -12.12  [1]    
   100.21                  3.118  324.34  -12.13  [1]    
   100.21                  3.117  326.21  -12.15  [1]    
   100.21      100.22      3.187  325.82  -12.64  [1]    
   100.21      100.22      3.157  325.70  -12.37  [1]    
   100.21      100.22      3.147  325.61  -12.40  [1]    
   100.22                  0.516  232.56   -7.06  [1]    
   100.22                  0.809  232.75   11.89  [1]    
   100.22                  0.865  238.00   18.43  [1]    
   100.22                  1.137  236.15   24.96  [1]    
   100.22                  0.594   23.71   57.15  [1]    
   100.22                  0.382   39.01   27.43  [1]    
   100.22                  0.243   66.37  -76.18  [1]    
   100.22                  0.416  213.98  -60.90  [1]    
   100.22                  0.472  218.66  -43.44  [1]    
   100.22      100.23      4.228  308.64   -4.22  [1]    
   100.22      100.23      4.232  308.73   -4.15  [1]    
   100.22      100.23      4.231  308.63   -4.15  [1]    
   100.23                  1.643  190.29    4.56  [1]    
   100.23                  1.023   80.66    2.69  [1]    
   100.23                  0.364   30.09  -73.96  [1]    
   100.23                  3.014  138.11    4.31  [1]    
   100.23                  2.278  152.62    1.85  [1]    
   100.23                  2.113  172.71    6.09  [1]    
   100.23                  2.032  104.78    4.66  [1]    
   100.23                  2.918  120.56    6.17  [1]    
   100.23                  1.948  220.16    1.03  [1]    
   100.23                  1.692  238.99    0.99  [1]    
   100.23                  1.624  250.78   -0.99  [1]    
   100.23                  1.591  356.13   -7.12  [1]    
   100.23                  3.053   14.32   -7.25  [1]    
   100.23                  3.642   16.78   -6.23  [1]    
   100.23                  5.235   20.00   -6.53  [1]    
   100.23                  1.070   64.75   -1.66  [1]    
   100.23                  1.641   55.34   -2.05  [1]    
   100.23                  2.389   49.85   -3.05  [1]    
   100.23                  2.980   39.73   -4.87  [1]    
   100.23                  5.368   34.17   -5.43  [1]    
   100.23                  1.458   24.93  -13.27  [1]    
   100.23                  1.968   26.67  -12.77  [1]    
   100.23                  3.736   25.05   -3.31  [1]    
   100.23                  5.406   19.25   -6.02  [1]    
   100.23                  5.424   19.58   -6.00  [1]    
   100.23                  5.561   19.73   -5.98  [1]    
   100.23      100.24      5.422   19.42   -6.03  [1]    
   100.23      100.24      5.444   19.58   -6.05  [1]    
   100.23      100.24      5.421   19.41   -6.15  [1]    
   100.24                  0.452  293.48   85.11  [1]    
   100.24                  0.724  106.55   15.90  [1]    
   100.24                  4.256  126.79    8.64  [1]    
   100.24                  2.819  135.20    8.84  [1]    
   100.24                  1.761  143.81    6.09  [1]    
   100.24                  1.963  162.69    4.04  [1]    
   100.24                  0.424  254.16   80.28  [1]    
   100.24                  3.636  180.34    6.70  [1]    
   100.24                  2.592  176.44    7.45  [1]    
   100.24      100.25      0.555  271.07  -25.62  [1]    
   100.24      100.25      0.553  271.43  -25.81  [1]    
   100.24      100.25      0.553  271.57  -25.94  [1]    
   100.25                  0.251   31.15   83.68  [1]    
   100.25                  0.288   91.44  -86.86  [1]    
   100.25                  0.451   54.39   -1.07  [1]    
   100.25                  0.177  241.82   18.44  [1]    
   100.25                  2.367  303.22   -5.60  [1]    
   100.25                  2.843  316.74   -7.62  [1]    
   100.25                  1.646   14.32   -2.91  [1]    
   100.25                  2.091  355.23   -2.81  [1]    
   100.25                  1.916    8.98   -0.70  [1]    
   100.25      100.26      1.444  314.16  -10.36  [1]    
   100.25      100.26      1.443  314.48  -10.24  [1]    
   100.25      100.26      1.447  314.66  -10.22  [1]    
   100.26                  1.690  217.43    6.88  [1]    
   100.26                  2.698  203.04    8.92  [1]    
   100.26                  3.108  194.62    9.39  [1]    
   100.26                  2.189  190.13   12.25  [1]    
   100.26                  1.259  174.25   11.02  [1]    
   100.26                  1.475  150.13    7.86  [1]    
   100.27      100.26      2.654  145.32   11.15  [1]    
   100.27      100.26      2.644  145.99   10.89  [1]    
   100.27      100.26      2.620  146.07   10.98  [1]    
   100.27                  0.414  170.45   72.75  [1]    
   100.27                  0.263  320.71  -83.50  [1]    
   100.27                  0.347   27.34    9.77  [1]    
   100.27                  1.049  208.35   19.74  [1]    
   100.27                  1.426  173.00   21.49  [1]    
   100.27                  1.535  113.60   16.23  [1]    
   100.27                  0.851  146.35    3.67  [1]    
   100.27                  0.501  277.66   -9.29  [1]    
   100.27                  0.735  237.20   11.17  [1]    
   100.27                  1.967  266.95   -0.69  [1]    
   100.27                  1.170  339.22   -7.63  [1]    
   100.27      100.28      2.356  301.83   -4.69  [1]    
   100.27      100.28      2.355  301.77   -4.52  [1]    
   100.27      100.28      2.356  301.71   -4.54  [1]    
   100.28                  1.278   78.76    0.05  [1]    
   100.28                  0.893   56.84  -49.15  [1]    
   100.28                  2.431    4.13   -8.85  [1]    
   100.28                  2.713   18.64   -7.23  [1]    
   100.28                  1.574  297.33   -3.43  [1]    
   100.28                  2.151  314.82   -4.23  [1]    
   100.28                  3.459  331.81   -9.16  [1]    
   100.28                  1.604  344.70   -9.25  [1]    
   100.28                  1.720   52.53   -6.80  [1]    
   100.28                  3.409   43.88   -3.51  [1]    
   100.28                  3.937   34.12   -4.88  [1]    
   100.28                  4.852   21.41   -6.70  [1]    
   100.28      100.29      4.315   31.05   -9.16  [1]    
   100.28      100.29      4.306   31.04   -9.05  [1]    
   100.28      100.29      4.309   31.10   -9.07  [1]    
   100.29                  0.498  300.04   57.50  [1]    
   100.29                  0.335  265.86  -86.03  [1]    
   100.29                  1.074  253.00   -9.25  [1]    
   100.29                  1.495  244.27   10.23  [1]    
   100.29                  1.782  277.18   -2.19  [1]    
   100.29                  3.721  286.63   -3.56  [1]    
   100.29                  4.118  292.31   -4.02  [1]    
   100.29                  5.558  297.26   -5.38  [1]    
   100.29                  1.210  323.18   -9.57  [1]    
   100.29                  2.098  315.94   -8.21  [1]    
   100.29                  3.082  310.69   -8.27  [1]    
   100.29      100.30      3.060  304.24   -8.50  [1]    
   100.29      100.30      3.060  304.29   -8.50  [1]    
   100.29      100.30      3.059  304.32   -8.50  [1]    
   100.30                  0.406   30.73    7.31  [1]    
   100.30                  0.387  303.99   77.96  [1]    
   100.30                  0.229   84.04  -88.49  [1]    
   100.30                  1.004  241.92    3.37  [1]    
   100.30                  1.014  183.43   19.11  [1]    
   100.30                  1.225  198.65   12.02  [1]    
   100.30                  1.979  208.15   12.37  [1]    
   100.30                  2.418  218.67    9.33  [1]    
   100.30                  2.600  223.93    7.05  [1]    
   100.30                  0.805  225.88    8.17  [1]    
   100.30                  1.644  226.64    8.14  [1]    
   100.30                  1.199  238.96   10.93  [1]    
   100.30                  1.140  249.13    9.48  [1]    
   100.30                  1.422  272.92    4.05  [1]    
   100.30                  2.386  289.36   -1.64  [1]    
   100.30                  3.319  296.19   -2.88  [1]    
   100.30                  1.028  343.01    2.13  [1]    
   100.30                  1.678  328.80   -1.17  [1]    
   100.30                  1.909  323.28   -2.25  [1]    
   100.30      100.31      3.728  303.07   -5.21  [1]    
   100.30      100.31      3.732  303.12   -5.30  [1]    
   100.30      100.31      3.723  303.05   -5.32  [1]    
   100.31                  0.221  347.03   60.05  [1]    
   100.31                  0.968   30.59   -9.27  [1]    
   100.31                  0.293  151.45  -82.46  [1]    
   100.31                  1.098  151.66   10.76  [1]    
   100.31                  1.093  324.71   -2.75  [1]    
   100.31                  1.821  300.21   -6.95  [1]    
   100.31                  1.781  100.69    5.65  [1]    
   100.31                  1.199   83.41    1.99  [1]    
   100.31                  1.045   50.49   -5.27  [1]    
   100.31                  1.477    7.10   -4.27  [1]    
   100.31                  1.995  343.68   -4.17  [1]    
   100.31                  2.792  329.60   -5.17  [1]    
   100.31      100.32      1.930  344.21   -8.38  [1]    
   100.31      100.32      1.921  344.28   -8.21  [1]    
   100.31      100.32      1.915  344.49   -7.96  [1]    
   100.32                  0.427  229.48    4.19  [1]    
   100.32                  1.517  232.26   -1.31  [1]    
   100.32                  1.106  230.75   -5.27  [1]    
   100.32                  0.632  227.60  -17.05  [1]    
   100.32                  0.486  225.08  -29.01  [1]    
   100.32                  0.512  258.58   45.40  [1]    
   100.32                  0.495  248.47   29.42  [1]    
   100.32                  0.446  235.72    7.45  [1]    
   100.32                  1.038  283.64   -1.41  [1]    
   100.32                  2.259  290.99   -4.54  [1]    
   100.32                  2.869  297.66   -6.12  [1]    
   100.32                  3.223  302.53   -7.67  [1]    
   100.32                  2.010  304.21   -7.76  [1]    
   100.33      100.32      2.547  111.51    2.46  [1]    
   100.33      100.32      2.554  111.45    2.32  [1]    
   100.33      100.32      2.554  111.47    2.37  [1]    
   100.33                  0.409  196.94  -80.08  [1]    
   100.33                  0.512   41.46   69.22  [1]    
   100.33                  0.377   32.76   -3.36  [1]    
   100.33      100.34      1.536  334.99   -5.07  [1]    
   100.33      100.34      1.534  334.93   -5.14  [1]    
   100.33      100.34      1.533  334.81   -5.11  [1]    
   100.34                  0.339  206.75   -4.16  [1]    
   100.34                  0.576  222.92  -63.51  [1]    
   100.34                  0.487  250.39   64.57  [1]    
   100.34                  0.535  168.47    4.20  [1]    
   100.34                  1.175  282.37   -5.47  [1]    
   100.34      100.35      1.470  286.59    6.53  [1]    
   100.34      100.35      1.468  286.89    6.45  [1]    
   100.34      100.35      1.463  286.78    6.65  [1]    
   100.35                  0.451   16.06   -6.31  [1]    
   100.35                  0.331    4.97   34.29  [1]    
   100.35                  1.060    6.30  -79.74  [1]    
   100.35                  1.004  287.94   -3.60  [1]    
   100.35                  1.540  295.64   -6.77  [1]    
   100.35                  0.643  328.37  -18.36  [1]    
   100.35                  0.883  314.92  -16.64  [1]    
   100.35                  1.071   33.80  -66.83  [1]    
   100.35                  0.685   31.71  -61.11  [1]    
   100.35                  0.510   17.00  -32.55  [1]    
   100.35                  0.453   15.32   -8.99  [1]    
   100.35                  0.400   14.75   17.88  [1]    
   100.35                  0.643  171.52  -80.10  [1]    
   100.35      100.36      1.742  301.42   -7.32  [1]    
   100.35      100.36      1.743  301.43   -7.39  [1]    
   100.35      100.36      1.727  301.31   -7.33  [1]    
   100.36                  0.456   22.93   74.22  [1]    
   100.36                  1.539   13.26  -86.56  [1]    
   100.36                  0.457   88.64   -8.37  [1]    
   100.36                  1.085  109.95   -0.96  [1]    
   100.36                  2.116  112.57   -0.08  [1]    
   100.36                  0.793  106.98   -1.76  [1]    
   100.36                  0.580   49.71   -3.91  [1]    
   100.36                  0.861   30.47   -3.75  [1]    
   100.36                  1.183   17.40   -4.74  [1]    
   100.36                  1.594    6.25   -4.09  [1]    
   100.36                  1.796    1.03   -2.96  [1]    
   100.36                  0.537  348.29   -6.28  [1]    
   100.36                  0.739  315.17   -7.14  [1]    
   100.36                  0.866  359.07   -6.56  [1]    
   100.36      103.0       0.000    0.00    0.00  [1]    
   103.0       103.1       1.669    1.51   -7.78  [1]    
   103.0       103.1       1.669    1.59   -7.77  [1]    
   103.0       103.1       1.672    1.33   -7.63  [1]    
   103.1                   0.385  246.14    1.48  [1]    
   103.1                   0.584  302.32   69.70  [1]    
   103.1                   0.241  234.90  -45.34  [1]    
   103.1                   0.522  189.53   19.00  [1]    
   103.1                   0.405  230.97   22.75  [1]    
   103.1                   0.680  296.82    8.75  [1]    
   103.1                   0.941  320.47    1.77  [1]    
   103.1                   1.212  325.73    1.48  [1]    
   103.1                   0.728  327.01   34.98  [1]    
   103.1                   1.502  337.12    3.57  [1]    
   103.1                   1.048  346.10    4.49  [1]    
   103.1                   0.393  352.77   26.23  [1]    
   100.36                  0.000    0.00    0.00  [1]    
   100.36                  0.950   11.17  -23.08  [1]    
   100.36                  0.922   17.85   26.44  [1]    
   100.36                  0.521   35.79  -62.75  [1]    
   100.36      100.37      1.114  303.74  -61.51  [1]    
   100.36      100.37      1.115  303.37  -61.51  [1]    
   100.36      100.37      1.118  302.61  -61.28  [1]    
   100.37                  0.618  113.03  -87.75  [1]    
   100.37                  0.802  271.67   73.88  [1]    
   100.37                  0.415  233.15   54.99  [1]    
   100.37                  0.446  331.65   70.23  [1]    
   100.37                  0.159   29.34   10.16  [1]    
   100.37                  1.391   28.91   -5.27  [1]    
   100.37                  0.911   34.97  -17.49  [1]    
   100.37                  0.848   39.23  -22.69  [1]    
   100.37                  0.888   41.05  -28.93  [1]    
   100.37                  0.683   47.19  -38.13  [1]    
   100.37                  0.807   52.55  -48.50  [1]    
   100.37                  0.593  183.60  -74.88  [1]    
   100.37                  0.437  178.69  -63.30  [1]    
   100.37                  0.473  194.79  -42.35  [1]    
   100.37                  0.342  199.84  -29.62  [1]    
   100.37                  0.768  212.65    3.74  [1]    
   100.37                  0.751  358.94  -19.91  [1]    
   100.37                  1.350  333.29  -20.01  [1]    
   100.37                  2.091  337.96  -13.83  [1]    
   100.37                  1.502    7.40   -8.91  [1]    
   100.37                  1.259  292.60    2.79  [1]    
   100.37                  1.008  283.63  -22.97  [1]    
   100.37      100.38      3.141  300.13  -14.92  [1]    
   100.37      100.38      3.140  299.93  -15.01  [1]    
   100.37      100.38      3.144  300.13  -15.06  [1]    
   100.38                  1.747  129.51    1.98  [1]    
   100.38                  1.778   97.02   -2.34  [1]    
   100.38                  0.523  324.41  -86.55  [1]    
   100.38                  1.634  115.41  -29.00  [1]    
   100.38                  0.284  164.07   75.32  [1]    
   100.38                  0.752  136.09   36.94  [1]    
   100.38                  1.249  128.15   22.59  [1]    
   100.38                  2.222  153.10    8.89  [1]    
   100.38                  2.745  166.46    7.42  [1]    
   100.38                  2.923  177.79    6.97  [1]    
   100.38                  3.267  188.49    5.62  [1]    
   100.38                  3.028  195.06    5.26  [1]    
   100.38                  1.863  207.52   -3.05  [1]    
   100.38                  2.117   68.53   -4.44  [1]    
   100.38                  1.796   57.79    2.80  [1]    
   100.38                  1.251   50.42    3.64  [1]    
   100.38                  0.620   32.67    3.92  [1]    
   100.39      100.38      3.071  349.99   20.98  [1]    
   100.39      100.38      3.079  350.18   21.07  [1]    
   100.39      100.38      3.081  350.14   20.98  [1]    
   100.39                  1.273   24.49   -4.37  [1]    
   100.39                  1.487   21.68  -14.85  [1]    
   100.39                  0.516  296.72  -53.36  [1]    
   100.39                  1.161  230.12  -19.98  [1]    
   100.39                  2.464  195.74  -35.57  [1]    
   100.39                  1.444  135.16  -71.35  [1]    
   100.39                  1.879  303.37   73.06  [1]    
   100.39                  1.344  245.58  -83.02  [1]    
   100.39                  0.546  284.57  -61.16  [1]    
   100.39                  2.024  290.47   37.67  [1]    
   100.39                  1.541  138.13  -58.62  [1]    
   100.39                  0.955  142.28  -59.49  [1]    
   100.39                  3.899   28.39  -12.33  [1]    
   100.39                  4.032   30.29  -11.85  [1]    
   102.5       102.6       1.677  250.84    3.92  [1]    
   102.5       102.6       1.675  250.82    3.89  [1]    
   102.5       102.6       1.678  250.98    3.98  [1]    
   102.6                   0.221  260.04   79.10  [1]    
   102.6                   0.469  272.08  -44.18  [1]    
   102.6                   0.672  291.43    0.46  [1]    
   102.6                   1.198  231.80    4.87  [1]    
   102.6       102.7       1.746  219.35    9.89  [1]    
   102.6       102.7       1.743  219.41   10.11  [1]    
   102.6       102.7       1.743  219.51   10.09  [1]    
   102.7                   0.447  166.68  -82.50  [1]    
   102.7                   0.291  113.82   16.46  [1]    
   102.7                   2.547  203.10   24.81  [1]    
   102.7                   0.459    0.52  -25.11  [1]    
   102.7                   0.669  356.14  -46.85  [1]    
   102.7                   0.990  291.12  -12.21  [1]    
   102.7                   1.017  301.23  -14.27  [1]    
   102.7                   1.109  349.64   -9.06  [1]    
   102.7                   1.220  341.04  -10.81  [1]    
   102.7       102.8       1.672  311.72  -11.77  [1]    
   102.7       102.8       1.667  311.32  -11.91  [1]    
   102.7       102.8       1.670  311.08  -11.71  [1]    
   102.8                   0.615  144.98   13.01  [1]    
   102.8                   0.442  167.42   10.16  [1]    
   102.8                   1.393  194.49   10.39  [1]    
   102.8                   1.427  208.42    9.66  [1]    
   102.8                   0.405  177.54  -63.62  [1]    
   102.8                   0.506  156.39   44.64  [1]    
   102.8                   0.955  253.02   -3.87  [1]    
   102.8                   1.630  232.54   -1.72  [1]    
   102.8       102.9       1.625  230.04   -3.73  [1]    
   102.8       102.9       1.625  230.04   -3.76  [1]    
   102.8       102.9       1.623  230.12   -3.77  [1]    
   102.9                   0.717  123.55   18.61  [1]    
   102.9                   1.320  177.08   14.08  [1]    
   102.9                   0.238  118.77  -78.60  [1]    
   102.9                   0.437  182.72   11.68  [1]    
   102.9                   0.587  214.03    9.72  [1]    
   102.9                   0.603  259.41  -34.55  [1]    
   102.9                   1.019  247.48   -9.44  [1]    
   102.9                   1.250  228.22   -6.76  [1]    
   102.9       102.10      1.121  169.09   23.16  [1]    
   102.9       102.10      1.116  168.80   23.08  [1]    
   102.9       102.10      1.117  168.80   23.12  [1]    
   102.10                  0.440  307.10   -3.03  [1]    
   102.10                  0.269  257.85  -77.04  [1]    
   102.10                  1.472  307.70   23.90  [1]    
   102.10                  1.531  295.19   28.70  [1]    
   102.10                  2.916  292.53   71.41  [1]    
   102.10      102.11      1.355  228.94   18.98  [1]    
   102.10      102.11      1.355  228.99   18.97  [1]    
   102.10      102.11      1.347  229.79   18.19  [1]    
   102.11                  0.281  123.90   21.86  [1]    
   102.11                  0.742  194.21   19.08  [1]    
   102.11                  0.281  321.31   30.25  [1]    
   102.11                  0.960  247.80   18.00  [1]    
   102.11                  1.614  221.57   18.05  [1]    
   102.11                  1.052  281.98   77.37  [1]    
   102.11                  0.502  126.62  -72.78  [1]    
   102.11                  1.795  208.22   19.06  [1]    
   102.11      102.12      2.172  217.60   32.78  [1]    
   102.11      102.12      2.172  217.45   32.78  [1]    
   102.11      102.12      2.170  217.47   32.65  [1]    
   100.21      104.0       0.000    0.00    0.00  [1]    
   104.0       104.1       0.852   58.21   21.90  [1]    
   104.0       104.1       0.854   58.13   21.96  [1]    
   104.0       104.1       0.850   58.16   21.70  [1]    
   104.1                   0.833  325.99   -8.43  [1]    
   104.1                   1.241  351.02   -6.09  [1]    
   104.1       104.2       1.789   26.74   -1.65  [1]    
   104.1       104.2       1.789   26.88   -1.67  [1]    
   104.1       104.2       1.786   26.77   -1.77  [1]    
   104.2                   0.248  287.42   -1.28  [1]    
   104.2                   1.104  123.69   11.15  [1]    
   104.2                   0.507  110.58  -68.46  [1]    
   104.2                   0.383  100.32   34.80  [1]    
   104.2                   1.160  202.91    3.11  [1]    
   104.2                   1.295  185.66    2.43  [1]    
   104.2                   2.630  190.04    7.94  [1]    
   104.2                   1.567  176.58    8.37  [1]    
   104.2                   1.794   59.32   -2.10  [1]    
   104.2                   3.874   35.31   -4.25  [1]    
   104.2       104.3       1.294   55.32    0.26  [1]    
   104.2       104.3       1.295   55.15    0.26  [1]    
   104.2       104.3       1.295   55.39    0.48  [1]    
   104.3                   0.918  290.52  -12.96  [1]    
   104.3                   1.397  333.01  -16.00  [1]    
   104.3                   2.321  339.26  -15.49  [1]    
   104.3                   3.196  354.87  -11.07  [1]    
   104.3                   2.573    0.91   -9.78  [1]    
   104.3                   2.865   10.54   -6.94  [1]    
   104.3                   4.686   15.26   -5.45  [1]    
   104.3       104.4       2.034    4.69  -13.13  [1]    
   104.3       104.4       2.033    4.65  -13.11  [1]    
   104.3       104.4       2.034    4.47  -13.11  [1]    
   104.4                   1.125  290.59   -8.46  [1]    
   104.4                   0.868  265.19   -1.07  [1]    
   104.4                   1.826  320.66   -8.37  [1]    
   104.4                   2.938  318.66   -8.57  [1]    
   104.4                   3.925  310.85   -8.83  [1]    
   104.4                   3.401  304.06   -8.53  [1]    
   103.1       103.2       2.185  333.25    8.87  [1]    
   103.1       103.2       2.183  332.98    9.04  [1]    
   103.1       103.2       2.181  332.93    8.89  [1]    
   103.2                   0.588  154.01  -84.81  [1]    
   103.2                   0.352  114.91   68.58  [1]    
   103.2                   1.107   48.65   -3.24  [1]    
   103.2                   0.595   73.42   -5.89  [1]    
   103.2                   0.402  133.12   -4.43  [1]    
   103.2                   0.891  159.32   -1.10  [1]    
   103.2                   0.542  177.89   -5.58  [1]    
   103.2                   0.647  198.24    5.43  [1]    
   103.2       103.3       1.240   45.75   -5.98  [1]    
   103.2       103.3       1.239   45.59   -6.05  [1]    
   103.2       103.3       1.226   45.83   -6.24  [1]    
   103.3                   0.334  301.05   13.08  [1]    
   103.3                   0.488  304.94   64.95  [1]    
   103.3                   0.565  336.92  -73.38  [1]    
   103.3                   0.886   11.03   10.95  [1]    
   103.3                   1.838   30.16   -9.10  [1]    
   103.3       103.4       1.095   20.93  -16.16  [1]    
   103.3       103.4       1.095   20.99  -15.62  [1]    
   103.3       103.4       1.097   21.02  -15.68  [1]    
   103.4                   0.435  131.60  -57.90  [1]    
   103.4                   0.841   21.14   54.39  [1]    
   103.4                   0.451  344.86   -3.25  [1]    
   103.4                   0.823    6.35   -2.01  [1]    
   103.4                   1.247   15.70   -2.58  [1]    
   103.4                   0.419   80.16   36.62  [1]    
   103.4                   0.626   67.21  -32.26  [1]    
   103.4                   0.938   37.21  -13.62  [1]    
   103.4                   1.268   36.03    5.17  [1]    
   103.4       103.5       0.947   30.60  -17.06  [1]    
   103.4       103.5       0.950   30.93  -16.81  [1]    
   103.4       103.5       0.943   30.96  -16.79  [1]    
   103.5                   0.882  208.25   -8.18  [1]    
   103.5                   0.601  266.79  -67.59  [1]    
   103.5                   0.944  334.69   85.25  [1]    
   103.5                   0.764  357.54   -8.23  [1]    
   103.5                   1.579   11.57   -9.14  [1]    
   103.5                   1.774   18.21   -4.61  [1]    
   103.5                   0.453   53.11  -18.11  [1]    
   103.5                   0.858   32.94    0.98  [1]    
   103.5                   1.850   26.89   -2.29  [1]    
   103.5                   2.503   25.89   -8.52  [1]    
   103.5       103.6       1.513   11.42   -4.05  [1]    
   103.5       103.6       1.513   11.00   -4.06  [1]    
   103.5       103.6       1.513   10.62   -4.35  [1]    
   103.6                   0.777  103.10   54.76  [1]    
   103.6                   0.467  109.08  -46.26  [1]    
   103.6                   0.581  122.60    1.07  [1]    
   103.6                   1.512  105.74   -5.87  [1]    
   103.6                   2.733  103.50   -7.89  [1]    
   103.6                   3.834   97.85   -8.04  [1]    
   103.6                   0.946   95.95   -5.44  [1]    
   103.6                   2.224   97.06   -6.18  [1]    
   100.38      105.0       0.000    0.00    0.00  [1]    
   105.0       105.1       1.614  332.82  -20.64  [1]    
   105.0       105.1       1.615  332.94  -20.56  [1]    
   105.0       105.1       1.615  332.82  -20.50  [1]    
   105.1                   1.339  133.75   27.49  [1]    
   105.1                   1.265  104.04   26.89  [1]    
   105.1                   1.493   74.44   23.44  [1]    
   105.1                   1.736   57.50   15.77  [1]    
   105.1                   1.938   43.85   11.77  [1]    
   105.1                   2.486   40.01    9.51  [1]    
   105.1                   2.627   32.42    6.59  [1]    
   105.1                   1.536  158.02   22.44  [1]    
   105.1                   1.200  163.56   23.76  [1]    
   105.1                   0.794  194.79   35.21  [1]    
   105.1                   0.572  209.08   -4.17  [1]    
   105.1                   0.560  192.73  -19.86  [1]    
   105.1                   0.547  102.20  -19.94  [1]    
   105.1                   1.187   60.23   -8.05  [1]    
   105.1                   1.649   31.25  -12.36  [1]    
   105.1                   7.413   10.10  -51.66  [1]    
   105.1                   3.016   19.98  -47.00  [1]    
   105.1                   1.504  303.82  -41.82  [1]    
   105.1                   2.188  352.46  -42.60  [1]    
   105.1                   1.955  232.64  -49.24  [1]    
   105.1                   3.375  254.00  -62.12  [1]    
   105.1                   1.899  324.37  -70.54  [1]    
   105.1                   1.765  341.99  -66.12  [1]    
   105.1                   3.184  344.60  -63.77  [1]    
   105.1                   9.001  286.39  -76.70  [1]    
   105.1                   3.188  316.92  -71.62  [1]    
   105.1       105.2       3.175  262.91  -74.26  [1]    
   105.1       105.2       3.174  261.77  -74.24  [1]    
   105.1       105.2       3.175  261.97  -74.25  [1]    
   105.2                   0.599  240.40    3.33  [1]    
   105.2                   0.586  322.73    4.26  [1]    
   105.2                   1.037   20.26   -6.46  [1]    
   105.2                   0.642   40.40   -7.19  [1]    
   105.2                   0.393   62.73   -6.91  [1]    
   105.2       105.3       2.649  276.31  -70.55  [1]    
   105.2       105.3       2.643  276.16  -70.44  [1]    
   105.2       105.3       2.642  276.12  -70.37  [1]    
   105.3                   0.189  331.93    4.66  [1]    
   105.3                   0.339  117.03    7.12  [1]    
   105.3                   0.931   13.62   -0.63  [1]    
   105.3                   2.062   29.31    0.74  [1]    
   105.3                   2.171   34.34    0.92  [1]    
   105.3                   1.249   44.50   -3.21  [1]    
   105.3                   0.679   63.91    4.21  [1]    
   105.3                   1.240    7.62  -28.81  [1]    
   105.3                   1.248   41.08  -28.31  [1]    
   105.3       105.4       2.250  316.63  -80.30  [1]    
   105.3       105.4       2.249  315.88  -80.51  [1]    
   105.3       105.4       2.252  315.59  -80.53  [1]    
   105.4                   0.921  304.66   16.24  [1]    
   105.4                   1.206  262.97   14.05  [1]    
   105.4                   0.934  205.54   12.00  [1]    
   105.4                   1.290  193.35   38.99  [1]    
   105.4                   0.642  125.90   37.49  [1]    
   105.4                   0.966   63.17   30.61  [1]    
   105.4                   0.607   49.38   -6.03  [1]    
   105.4                   0.569  346.09    1.59  [1]    
   105.4                   0.721  334.72  -44.66  [1]    
   105.4       105.5       0.889  305.57  -11.57  [1]    
   105.4       105.5       0.888  305.71  -11.16  [1]    
   105.4       105.5       0.892  305.66  -10.97  [1]    
   105.5                   0.985  160.05  -89.27  [1]    
   105.5       105.6       0.874  301.49  -30.74  [1]    
   105.5       105.6       0.884  301.79  -30.37  [1]    
   105.5       105.6       0.881  301.46  -29.83  [1]    
   105.6                   0.666  131.74  -71.24  [1]    
   105.6                   1.030  124.17  -21.61  [1]    
   105.6                   1.572  121.46   -5.06  [1]    
   105.6                   1.839  124.07   14.77  [1]    
   105.6                   0.432   49.41   62.23  [1]    
   105.6                   0.354   43.30    2.92  [1]    
   105.6                   0.812   84.23  -12.47  [1]    
   105.6                   1.072   98.92  -10.34  [1]    
   105.6                   0.853  129.02   -1.83  [1]    
   105.6                   1.535  129.24   -1.25  [1]    
   105.6                   0.716  151.23    1.76  [1]    
   105.6                   1.054  290.98  -55.78  [1]    
   105.6                   0.594  326.00    6.30  [1]    
   105.6       105.7       0.760  324.50  -29.12  [1]    
   105.6       105.7       0.757  323.71  -29.11  [1]    
   105.6       105.7       0.754  323.85  -29.16  [1]    
   105.7                   0.586   41.24   -7.75  [1]    
   105.7                   0.543   48.70  -41.92  [1]    
   105.7                   0.654   42.73  -68.55  [1]    
   105.7                   0.411  235.39    7.14  [1]    
   105.7                   1.090  339.10   -9.29  [1]    
   105.7                   1.684  331.14   -9.23  [1]    
   105.7                   2.696  324.67   -8.46  [1]    
   105.7                   0.834  301.57  -84.59  [1]    
   105.7                   0.734  319.06  -55.34  [1]    
   105.7                   1.067  319.60  -28.33  [1]    
   105.7                   1.958  315.81  -19.73  [1]    
   105.7                   2.699  314.80  -14.04  [1]    
   105.7                   3.772  313.16  -10.04  [1]    
   105.7                   1.840  315.39   -6.36  [1]    
   105.7                   0.618  314.42  -11.67  [1]    
   105.7                   1.493  317.71  -13.77  [1]    
   105.7                   1.673  323.18  -11.38  [1]    
   105.7                   2.531  326.07  -10.36  [1]    
   105.7       105.8       2.155  330.99  -10.36  [1]    
   105.7       105.8       2.155  330.97  -10.50  [1]    
   105.7       105.8       2.155  331.02  -10.42  [1]    
   105.8                   0.414  236.65   -3.00  [1]    
   105.8                   0.328  231.09  -50.45  [1]    
   105.8                   0.260  249.00   36.55  [1]    
   105.8                   0.194    5.06    9.51  [1]    
   105.8       105.9       1.358  303.02   -5.23  [1]    
   105.8       105.9       1.356  302.74   -4.95  [1]    
   105.8       105.9       1.363  303.11   -4.65  [1]    
