brindles-rift   (m, 360)

[1]: 2021/08/13     0.00  


   220.0                   0.762  346.42  -20.55  [1]    
   220.0                   1.097   18.05   -7.99  [1]    
   220.0                   1.480   34.50  -37.36  [1]    
   220.0                   0.673  347.57  -85.00  [1]    
   220.0                   0.752   95.75  -68.14  [1]    
   220.0                   2.495   39.57  -22.22  [1]    
   220.0       220.1       2.954   39.50   -9.14  [1]    
   220.0       220.1       2.954   39.48   -9.10  [1]    
   220.0       220.2       2.955   39.46   -9.08  [1]    
   220.2                   0.535   90.70  -76.91  [1]    
   220.2                   0.547  312.31  -58.04  [1]    
   220.2                   0.746  117.83  -22.36  [1]    
   220.2                   1.150  191.16  -20.52  [1]    
   220.2                   1.485  196.75  -12.78  [1]    
   220.2                   1.209  220.62  -14.36  [1]    
   220.2                   0.622  247.75  -28.05  [1]    
   220.2                   0.703   29.64  -19.98  [1]    
   220.2                   1.294   48.30  -28.23  [1]    
   220.2                   1.337   59.63  -17.15  [1]    
   220.2                   1.531   38.51  -18.79  [1]    
   220.2                   2.013   35.91  -10.81  [1]    
   220.2                   2.228   41.11   -6.67  [1]    
   220.2                   3.376   39.45   -3.52  [1]    
   220.2                   3.685   39.51   -3.68  [1]    
   220.2       220.3       3.375   39.41   -3.52  [1]    
   220.2       220.3       3.374   39.29   -3.51  [1]    
   220.2       220.3       3.374   39.06   -3.33  [1]    
   220.3                   0.300  313.32   80.18  [1]    
   220.3                   0.812    1.74  -72.76  [1]    
   220.3                   0.453  316.48   -8.76  [1]    
   220.3                   0.966  261.50   14.29  [1]    
   220.3                   1.158   34.79   -0.80  [1]    
   220.3       220.4       0.782   16.34    4.93  [1]    
   220.3       220.4       0.780   15.91    4.89  [1]    
   220.3       220.4       0.780   15.85    4.87  [1]    
   220.4                   0.706   67.37  -86.70  [1]    
   220.4                   0.325  128.31    4.53  [1]    
   220.4                   0.283   95.17   70.58  [1]    
   220.4                   3.511   42.56  -23.05  [1]    
   220.4                   2.319   39.77  -30.93  [1]    
   220.4                   3.067   51.42  -33.04  [1]    
   220.4       220.5       2.705  157.92  -74.72  [1]    
   220.4       220.5       2.707  157.06  -74.55  [1]    
   220.4       220.5       2.704  157.26  -74.54  [1]    
   220.5                   0.699  126.11   14.64  [1]    
   220.5                   0.426  288.75   26.28  [1]    
   220.5                   0.344  123.17   52.27  [1]    
   220.5                   0.641  111.58   84.96  [1]    
   220.5                   4.531   27.99   33.80  [1]    
   220.5                   4.105   31.99   24.97  [1]    
   220.5                   2.705   27.36   28.70  [1]    
   220.5       220.6       2.777   46.58    6.62  [1]    
   220.5       220.6       2.780   46.70    6.71  [1]    
   220.5       220.6       2.777   46.78    6.75  [1]    
   220.6                   0.477  216.27  -77.86  [1]    
   220.6                   0.392   79.80   -5.21  [1]    
   220.6                   0.565  336.29   -5.22  [1]    
   220.6                   0.853    6.01   -1.05  [1]    
   220.6                   1.296   17.04   -1.44  [1]    
   220.6                   2.331   27.47    0.70  [1]    
   220.6                   2.622   33.15    0.99  [1]    
   220.6                   2.538   35.15    0.54  [1]    
   220.6                   2.540   34.41    0.01  [1]    
   220.6                   1.653   41.22    0.61  [1]    
   220.6                   0.987   29.86  -32.36  [1]    
   220.6                   2.374   27.69   -0.08  [1]    
   220.5       221.0       0.000    0.00    0.00  [1]    
   221.0                   0.697  144.60    1.74  [1]    
   221.0                   1.064  176.58   -9.31  [1]    
   221.0                   2.294  181.18  -11.01  [1]    
   221.0       221.1       4.547  193.67  -10.56  [1]  < 
   221.0       221.1       4.569  193.89  -10.81  [1]  < 
   221.0       221.1       4.567  193.93  -10.76  [1]  < 
   221.1                   0.166  209.73  -76.15  [1]  < 
   221.1                   0.500  232.00   82.10  [1]  < 
   221.1                   1.393  324.09   20.34  [1]  < 
   221.1                   1.140  294.46   23.39  [1]  < 
   221.1                   1.575  265.76   21.80  [1]  < 
   221.1                   2.985  238.58   14.84  [1]  < 
   221.1                   2.365  226.07   12.77  [1]  < 
   221.1                   2.572  213.73    8.09  [1]  < 
   221.1                   1.862   10.54   12.85  [1]  < 
   221.1                   2.985   24.05    6.21  [1]  < 
   221.1                   0.791  143.93   10.91  [1]  < 
   221.1                   1.708  188.68    2.08  [1]  < 
   221.1                   2.715  200.31    2.00  [1]  < 
   221.1       221.2       3.676  205.42    3.08  [1]  < 
   221.1       221.2       3.678  205.33    3.02  [1]  < 
   221.1       221.2       3.675  205.36    3.01  [1]  < 
   221.2                   0.753  295.72   -3.08  [1]  < 
   221.2                   0.205  296.11  -71.80  [1]  < 
   221.2                   0.188  262.52   51.42  [1]  < 
   221.2                   1.902  275.32   18.29  [1]  < 
   221.2                   1.956  233.34   -2.07  [1]  < 
   221.2                   2.038  223.26   -7.50  [1]  < 
   221.2                   2.348  221.50    1.34  [1]  < 
   221.2                   2.727  214.67   -4.28  [1]  < 
   221.2       221.3       2.757  215.11   -0.31  [1]  < 
   221.2       221.3       2.758  214.99   -0.23  [1]  < 
   221.2       221.3       2.759  215.01   -0.26  [1]  < 
   221.3                   0.295  334.25  -79.51  [1]  < 
   221.3                   0.340  126.13  -16.91  [1]  < 
   221.3                   0.518  318.09   -4.80  [1]  < 
   221.3                   1.223  202.66   -7.37  [1]  < 
   221.3                   1.298  242.22   -4.80  [1]  < 
   221.3                   1.264  217.46  -18.05  [1]  < 
   221.3       221.4       1.682  218.40   -6.61  [1]  < 
   221.3       221.4       1.679  218.54   -6.80  [1]  < 
   221.3       221.4       1.669  218.35   -7.19  [1]  < 
   221.4                   0.197  343.16  -82.64  [1]  < 
   221.4                   0.167  299.79   61.15  [1]  < 
   221.4                   0.685  306.64    7.23  [1]  < 
   221.4                   1.593  284.44    9.29  [1]  < 
   221.4                   1.421  264.97    5.04  [1]  < 
   221.4                   1.063  199.93   -4.24  [1]  < 
   221.4                   1.828  250.32   -2.61  [1]  < 
   221.4                   2.243  244.72   -4.49  [1]  < 
   221.4       221.5       2.237  239.94   -5.05  [1]  < 
   221.4       221.5       2.231  240.25   -5.00  [1]  < 
   221.4       221.5       2.239  240.37   -4.93  [1]  < 
   221.5                   0.607  130.89  -83.38  [1]  < 
   221.5                   0.380   84.26   50.25  [1]  < 
   221.5                   1.588  118.30  -11.23  [1]  < 
   221.5                   2.681   32.33   12.30  [1]  < 
   221.5                   2.376  164.64  -14.27  [1]  < 
   221.5                   3.690  179.61  -17.05  [1]  < 
   221.5                   0.164  188.53   12.45  [1]  < 
   221.5                   3.990  198.25    3.26  [1]  < 
   221.5       221.6       4.228  187.08  -16.60  [1]  < 
   221.5       221.6       4.230  187.15  -16.60  [1]  < 
   221.5       221.6       4.231  187.00  -16.59  [1]  < 
   221.6                   0.501   36.59  -86.62  [1]  < 
   221.6                   1.150  303.59   73.28  [1]  < 
   221.6                   1.921  298.91   57.50  [1]  < 
   221.6                   3.142  301.65   62.30  [1]  < 
   221.6                   0.637  310.37   -6.15  [1]  < 
   221.6                   1.434  196.22  -18.14  [1]  < 
   221.6                   1.347  238.76  -11.24  [1]  < 
   221.6                   4.126   18.95   15.06  [1]  < 
   221.6                   3.448   20.81   20.49  [1]  < 
   221.6                   2.008  245.13   42.96  [1]  < 
   221.6                   1.456  238.55   13.07  [1]  < 
   221.6       221.7       3.042  224.16   -5.43  [1]  < 
   221.6       221.7       3.045  224.25   -5.41  [1]  < 
   221.6       221.7       3.042  224.21   -5.42  [1]  < 
   221.7                   0.435   27.11   35.96  [1]  < 
   221.7                   0.360  110.58  -67.37  [1]  < 
   221.7                   1.146  123.04  -14.49  [1]  < 
   221.7                   2.077  227.87   67.49  [1]  < 
   221.7                   2.320  210.95   44.84  [1]  < 
   221.7                   2.115  202.51   17.87  [1]  < 
   221.7                   1.976  156.58  -11.82  [1]  < 
   221.7                   2.555  173.35   -9.54  [1]  < 
   221.7                   3.959  180.57   -7.70  [1]  < 
   221.7                   3.716  200.90    2.50  [1]  < 
   221.7       221.8       3.533  180.80   -6.89  [1]  < 
   221.7       221.8       3.533  180.87   -6.88  [1]  < 
   221.7       221.8       3.531  180.77   -6.88  [1]  < 
   221.8                   1.163  285.75    2.91  [1]  < 
   221.8                   0.293  262.38  -51.39  [1]  < 
   221.8                   0.579  288.90   39.26  [1]  < 
   221.8                   2.628  234.06    6.82  [1]  < 
   221.8                   3.301  204.96   -0.96  [1]  < 
   221.8                   4.959  209.06   -1.42  [1]  < 
   221.8       221.9       2.836  233.00   10.61  [1]  < 
   221.8       221.9       2.852  233.10   10.55  [1]  < 
   221.8       221.9       2.847  233.10   10.49  [1]  < 
   221.9                   1.915  118.38  -38.78  [1]  < 
   221.9                   1.001  138.53   76.70  [1]  < 
   221.9                   1.290   25.38    5.61  [1]  < 
   221.9                   1.516  203.88   36.66  [1]  < 
   221.9                   2.710  188.19   20.91  [1]  < 
   221.9                   6.184  193.75   11.00  [1]  < 
   221.9                   3.057  159.95  -29.22  [1]  < 
   221.9                   4.067  172.02  -25.03  [1]  < 
   221.9                   2.412  152.01  -35.94  [1]  < 
   221.9       221.10      2.457  201.65    6.71  [1]  < 
   221.9       221.10      2.460  200.92    7.02  [1]  < 
   221.9       221.10      2.466  200.25    7.01  [1]  < 
   221.10                  2.320  106.51  -75.17  [1]  < 
   221.10                  0.410   12.44   62.44  [1]  < 
   221.10                  2.330  297.66   76.13  [1]  < 
   221.10                  1.552  201.65   52.90  [1]  < 
   221.10                  0.779  138.53  -20.08  [1]  < 
   221.10                  0.526  137.71   -3.54  [1]  < 
   221.10                  1.333  170.42   13.41  [1]  < 
   221.10                  2.568  193.32   21.94  [1]  < 
   221.10                  3.883  196.90   13.25  [1]  < 
   221.10                  3.750  196.53    7.23  [1]  < 
   221.10                  3.264  192.07   -9.36  [1]  < 
   221.10                  3.265  192.18   -9.27  [1]  < 
   221.10                  1.665  104.98  -78.33  [1]  < 
   221.10                  1.510  244.81   74.24  [1]  < 
   221.10                  0.405  277.72   -2.63  [1]  < 
   221.10                  2.317   68.91  -14.17  [1]  < 
   221.10                  2.497  209.95   23.85  [1]  < 
   221.10                  3.035  206.24    3.77  [1]  < 
   221.10                  3.205  202.67  -34.55  [1]  < 
   221.10                  2.718  217.23  -23.31  [1]  < 
   221.10                  2.016  198.18  -19.62  [1]  < 
   221.10      221.11      2.777  215.71  -11.25  [1]  < 
   221.10      221.11      2.779  215.56  -11.28  [1]  < 
   221.10      221.11      2.779  215.57  -11.23  [1]  < 
   221.11                  1.156  101.14  -24.70  [1]  < 
   221.11                  1.351   92.79  -73.87  [1]  < 
   221.11                  1.723   97.07  -55.39  [1]  < 
   221.11                  1.125  134.57   85.74  [1]  < 
   221.11                  0.976  178.86   24.80  [1]  < 
   221.11                  2.412  176.66    5.87  [1]  < 
   221.11                  1.189  137.55  -12.26  [1]  < 
   221.11                  1.127  198.31   15.24  [1]  < 
   221.11                  1.625  120.97   -2.48  [1]  < 
   221.11                  1.900  145.78   -2.16  [1]  < 
   221.11                  1.982  150.85   -1.43  [1]  < 
   221.11      221.12      1.982  159.19    3.18  [1]  < 
   221.11      221.12      1.982  159.18    3.22  [1]  < 
   221.11      221.12      1.979  159.15    3.27  [1]  < 
   221.12                  0.655  218.89  -83.00  [1]  < 
   221.12                  1.414  280.96    9.50  [1]  < 
   221.12                  1.949  240.06   -1.32  [1]  < 
   221.12                  1.068  207.59  -13.14  [1]  < 
   221.12                  0.853  137.86  -53.44  [1]  < 
