the-gills   (m, 360)

[1]: 2023/12/04     0.00  


     4.5       211.0       0.000    0.00    0.00  [1]    
   211.0       211.1       2.274  212.58  -40.56  [1]    
   211.0       211.1       2.275  212.33  -40.60  [1]    
   211.0       211.1       2.269  212.42  -40.59  [1]    
   211.1                   1.513  265.72  -26.14  [1]    
   211.1                   2.800  216.52  -11.10  [1]    
   211.1                   2.158  160.87  -15.40  [1]    
   211.1                   3.916  183.36   -2.00  [1]    
   211.1                   0.856  187.77   27.10  [1]    "bolt"
   211.1                   4.460  202.36  -59.84  [1]    
   211.1                   2.463  202.25  -59.93  [1]    
   211.1                   2.575  201.97  -59.94  [1]    
   211.1       211.2       2.463  202.26  -59.67  [1]    
   211.1       211.2       2.464  201.32  -59.80  [1]    
   211.1       211.2       2.473  201.95  -59.67  [1]    
   211.2                   2.213  232.74    1.90  [1]    
   211.2                   1.766  269.92   -2.20  [1]    
   211.2                   1.601  306.05    3.32  [1]    
   211.2                   1.529    4.76   -0.54  [1]    
   211.2                   0.876   20.39    3.63  [1]    
   211.2       211.3       4.937  162.86  -66.92  [1]    
   211.2       211.3       4.940  162.81  -66.92  [1]    
   211.2       211.3       4.935  162.78  -66.92  [1]    
   211.3                   3.007   24.41    3.97  [1]    
   211.3                   1.619    0.23    6.29  [1]    
   211.3                   1.685   47.22   11.14  [1]    
   211.3                   4.170   34.26  -25.77  [1]    
   211.3                   2.581   34.62  -33.52  [1]    
   211.3                   1.318   48.59  -66.67  [1]    
   211.3                   1.683   76.29  -42.31  [1]    
   211.3                   1.558  129.27  -50.26  [1]    
   211.1       212.0       0.000    0.00    0.00  [1]    
   212.0       212.1       2.872  198.22   -1.12  [1]    
   212.0       212.1       2.851  198.26   -1.24  [1]    
   212.0       212.1       2.851  198.18   -1.47  [1]    
   212.1                   0.988   80.76   -4.47  [1]    
   212.1                   1.089  136.11  -81.72  [1]    
   212.1                   0.372  162.55   82.28  [1]    
   212.1       212.2       2.675  130.89    9.11  [1]    
   212.1       212.2       2.675  130.78    9.01  [1]    
   212.1       212.2       2.688  130.89    9.06  [1]    
   212.2                   0.291  356.37   82.06  [1]    
   212.2                   0.504  248.00   12.14  [1]    
   212.2                   0.490  249.92   24.24  [1]    
   212.2                   0.324   97.02  -75.39  [1]    
   212.2                   2.612  179.64    9.69  [1]    
   212.2                   1.292  204.96    7.65  [1]    
   212.2                   2.523  188.53    8.55  [1]    
   212.2                   1.872  181.53    1.71  [1]    
