flake-pot   (m, 360)

[1]: 2020/11/07     0.00  


     1.0       200.0       0.000    0.00    0.00  [1]    
   200.0                   0.647   78.92  -30.32  [1]    
   200.0                   0.702  138.07  -38.23  [1]    
   200.0                   0.999  182.57  -51.15  [1]    
   200.0       200.1       2.435   90.79  -61.53  [1]    
   200.0       200.1       2.440   90.96  -61.62  [1]    
   200.0       200.1       2.435   90.96  -61.51  [1]    
   200.1                   1.023   67.75  -63.29  [1]    
   200.1                   3.522   49.57   -4.74  [1]    
   200.1                   2.268   48.23    9.53  [1]    
   200.1                   2.431   23.93   -4.39  [1]    
   200.1                   4.739    8.26  -11.41  [1]    
   200.1                   0.368   78.61    4.65  [1]    
   200.1       200.2       5.426    1.48  -12.41  [1]    
   200.1       200.2       5.415    1.59  -12.51  [1]    
   200.1       200.2       5.418    1.60  -12.45  [1]    
   200.2                   0.264  237.78   68.42  [1]    
   200.2                   0.550  213.57  -66.95  [1]    
   200.2                   3.654  191.85    8.86  [1]    
   200.2                   3.134  201.34    8.18  [1]    
   200.2                   2.194  210.66    6.59  [1]    
   200.2                   1.960  228.86    4.40  [1]    
   200.2                   3.055  167.90   13.54  [1]    
   200.2                   3.202  243.84    2.46  [1]    
   200.2                   3.280  262.01    3.74  [1]    
   200.2                   3.011  281.74   -0.32  [1]    
   200.2       200.3       2.324  328.90  -12.78  [1]    
   200.2       200.3       2.320  328.93  -12.80  [1]    
   200.2       200.3       2.321  328.88  -12.87  [1]    
   200.3                   0.568    0.10   79.52  [1]    
   200.3                   1.508  288.75   13.59  [1]    
   200.3                   1.052  121.88   -3.05  [1]    
   200.3                   1.188   77.63   -2.54  [1]    
   200.3                   1.814   58.56   -7.48  [1]    
   200.3                   2.462   47.18   -6.53  [1]    
   200.3                   2.938   27.77   -7.83  [1]    
   200.3                   2.945    2.83   -7.63  [1]    
   200.3                   3.488  346.83   -6.71  [1]    
   200.3                   2.267  315.31  -12.60  [1]    
   200.3                   3.236  326.90  -11.23  [1]    
   200.3       200.4       3.286  343.42   -8.38  [1]    
   200.3       200.4       3.281  343.45   -8.33  [1]    
   200.3       200.4       3.282  343.42   -8.36  [1]    
   200.4                   1.215  236.59  -72.13  [1]    
   200.4                   0.883  243.86   -7.12  [1]    
   200.4                   0.715  249.88   20.11  [1]    
   200.4                   1.885  285.47  -15.95  [1]    
   200.4                   2.942  293.75  -12.90  [1]    
   200.4                   3.529  301.30   -9.43  [1]    
   200.4                   1.383  338.96  -18.68  [1]    
   200.4                   2.359  319.46  -37.63  [1]    
   200.4                   3.744  325.34  -24.80  [1]    
   200.4                  12.869  331.55  -12.56  [1]    
   200.4       200.5       5.601  331.11  -10.65  [1]    
   200.4       200.5       5.597  331.13  -10.59  [1]    
   200.4       200.5       5.597  331.19  -10.65  [1]    
   200.5                   0.872  162.40  -81.56  [1]    
   200.5                   4.351  165.87   12.19  [1]    
   200.5                   3.277  180.01   12.36  [1]    
   200.5                   4.177  141.53   12.17  [1]    
   200.5                   0.925   52.86   -6.55  [1]    
   200.5                   2.087  110.00   10.20  [1]    
   200.5                   4.001  140.06   11.66  [1]    
   200.5                   2.918  187.50    8.82  [1]    
   200.5                   3.562  195.15    9.67  [1]    
   200.5                   5.603  198.13    8.61  [1]    
   200.5                   3.373  203.97    5.14  [1]    
   200.5                   3.455  209.34    4.03  [1]    
   200.5                   2.170  219.67    2.33  [1]    
   200.5                   1.267  240.88   -9.86  [1]    
   200.5                   1.203  280.84  -17.15  [1]    
   200.5                   1.552  306.82  -15.52  [1]    
   200.5                   2.628  317.72  -15.44  [1]    
   200.5                   8.752  331.02  -11.26  [1]    
   200.5                   1.496   26.74   -7.90  [1]    
   200.5                   2.206    0.00  -10.81  [1]    
   200.5                   3.075  352.92  -10.81  [1]    
   200.5                   5.826  348.63  -10.99  [1]    
   200.5                   3.197  328.77  -36.86  [1]    
   200.5                   5.279  343.72  -20.04  [1]    
   200.5       200.6       3.520  318.49  -13.06  [1]    
   200.5       200.6       3.520  318.48  -13.02  [1]    
   200.5       200.6       3.518  318.50  -13.04  [1]    
   200.6                   2.553   22.06  -32.54  [1]    
   200.6                   2.612   11.89  -33.33  [1]    
   200.6                   4.206    3.84  -20.16  [1]    
   200.6                   4.047   12.58   -8.90  [1]    
   200.6                   4.304    7.05   -7.01  [1]    
   200.6                   0.389   22.08   22.63  [1]    
   200.6                   2.289  287.06  -11.83  [1]    
   200.6                   2.507  313.86  -13.36  [1]    
   200.6                   3.240  335.80  -11.82  [1]    
   200.6                   3.800  347.15  -10.40  [1]    
   200.6                   3.275  354.34   -8.59  [1]    
   200.6                   3.781    2.64  -10.67  [1]    
   200.6                   7.643   21.74  -60.52  [1]    
   200.6       200.7       5.098   11.00  -63.03  [1]    
   200.6       200.7       5.121   10.75  -63.01  [1]    
   200.6       200.7       5.092   10.99  -63.01  [1]    
   200.7                   2.100  270.16  -12.67  [1]    
   200.7                   2.472  214.65   -9.54  [1]    
   200.7                   2.795  192.28   -2.86  [1]    
   200.7                   2.759   38.96  -49.54  [1]    
   200.7                   3.118   84.71  -36.21  [1]    
   200.7                   2.704  135.71  -33.89  [1]    
   200.7                   3.447  163.70  -21.68  [1]    
   200.7                   4.488  256.93   73.42  [1]    
   200.7                   5.202  269.65   68.91  [1]    
   200.7                   6.204  263.63   72.90  [1]    
   200.7                   3.074  273.13   58.83  [1]    
   200.7                   2.682  278.88   47.56  [1]    
   200.7                   3.150  166.31   56.32  [1]    
   200.7       200.8       4.364  187.27    2.82  [1]    
   200.7       200.8       4.357  187.14    2.77  [1]    
   200.7       200.8       4.349  187.34    2.71  [1]    
   200.7       200.8       4.362  187.29    2.79  [1]    
   200.8                   0.301  280.01   57.01  [1]    
   200.8                   0.731  273.26  -24.94  [1]    
   200.8                   0.734  314.58  -51.58  [1]    
   200.8                   2.592  214.98    8.27  [1]    
   200.8                   2.370  226.76    8.77  [1]    
   200.8                   2.933  240.03   11.87  [1]    
   200.8                   3.074  249.58   19.66  [1]    
   200.8                   2.641  264.05   36.99  [1]    
   200.8                   1.570  142.48   14.94  [1]    
   200.8                   4.557  179.66   26.02  [1]    
   200.8                   4.025  192.73   30.79  [1]    
   200.8       200.9       2.161  229.53   -9.30  [1]    
   200.8       200.9       2.162  229.60   -9.29  [1]    
   200.8       200.9       2.161  229.60   -9.29  [1]    
   200.9                   1.361   63.90  -81.02  [1]    
   200.9                   4.567  292.59   69.76  [1]    
   200.9                   2.610   81.65   18.17  [1]    
   200.9                   4.122   95.21   44.81  [1]    
   200.9                   4.384  134.07   49.80  [1]    
