surface2   (m, 360)

[1]: 2018/06/27     0.00  
[2]: 2023/12/04     0.00  


     1.0                   0.000    0.00    0.00         "flake pot"
     1.0         1.1       3.325  119.15   22.85  [1]    
     1.0         1.1       3.337  119.09   22.99  [1]    
     1.0         1.1       3.307  119.11   22.92  [1]    
     1.1         1.2       3.742  147.06   19.79  [1]    
     1.1         1.2       3.749  147.08   19.93  [1]    
     1.1         1.2       3.748  147.03   19.96  [1]    
     1.2         1.3       4.360  151.37    9.68  [1]    
     1.2         1.3       4.362  151.53    9.69  [1]    
     1.2         1.3       4.368  151.47    9.78  [1]    
     1.3         1.4       3.215  115.81   13.08  [1]    
     1.3         1.4       3.217  115.79   13.10  [1]    
     1.3         1.4       3.214  115.78   13.06  [1]    
     1.4         1.5       2.680  111.93    5.32  [1]    
     1.4         1.5       2.674  111.97    5.31  [1]    
     1.4         1.5       2.674  111.90    5.43  [1]    
     1.5         1.6       3.990   95.02    7.05  [1]    
     1.5         1.6       3.999   95.03    7.26  [1]    
     1.5         1.6       4.002   94.91    7.38  [1]    
     1.6         1.7       6.497  119.74   11.37  [1]    
     1.6         1.7       6.485  119.72   11.37  [1]    
     1.6         1.7       6.495  119.66   11.33  [1]    
     1.7                   4.893  141.54   19.85  [1]    "marmite pot"
     1.7         1.8       6.966   56.09   -0.14  [1]    
     1.7         1.8       6.974   56.16   -0.06  [1]    
     1.7         1.8       6.968   56.22   -0.02  [1]    
     1.8         1.9       4.849   77.27    0.51  [1]    
     1.8         1.9       4.848   77.19    0.48  [1]    
     1.8         1.9       4.848   77.27    0.52  [1]    
     1.9         1.10      3.504  121.34   20.28  [1]    
     1.9         1.10      3.499  121.39   20.23  [1]    
     1.9         1.10      3.501  121.38   20.30  [1]    
     1.0         2.0       0.000    0.00    0.00  [1]    
     2.0         2.1       3.038   13.64  -27.97  [1]    "ashery pot"
     2.1       100.0       0.000    0.00    0.00  [1]    
     1.10                  3.028   13.63  -28.05  [1]    
     1.10                  3.035   13.66  -27.92  [1]    
     1.10        1.11      3.505   74.85   12.60  [1]    
     1.10        1.11      3.501   75.03   12.62  [1]    
     1.10        1.11      3.504   75.53   12.64  [1]    
     1.11        1.12      6.993  129.35   14.01  [1]    
     1.11        1.12      7.025  129.67   14.19  [1]    
     1.11        1.12      7.019  129.60   14.14  [1]    
     1.12        1.13      8.527  118.37   13.78  [1]    
     1.12        1.13      8.524  118.47   13.74  [1]    
     1.12        1.13      8.528  118.39   13.79  [1]    
     1.13        1.14      8.459   90.64    5.24  [1]    
     1.13        1.14      8.458   90.64    5.23  [1]    
     1.13        1.14      8.465   90.62    5.25  [1]    
     1.14        1.15      5.572   54.26   19.49  [1]    "jawbone ent"
     1.14        1.15      5.566   54.29   19.42  [1]    
     1.14        1.15      5.572   54.26   19.46  [1]    
     4.0         4.2       7.270  227.37   -4.76  [2]    
     4.0         4.2       7.272  227.39   -4.79  [2]    
     4.0         4.2       7.270  227.35   -4.77  [2]    
     4.2                   1.532  218.84  -76.64  [2]    
     4.2         4.3       2.203  300.18   -8.83  [2]    
     4.2         4.3       2.205  300.29   -8.94  [2]    
     4.2         4.3       2.179  300.10   -8.82  [2]    
     4.3                   1.490  215.63  -35.82  [2]    
     4.3         4.4       9.335  304.43  -11.09  [2]    
     4.3         4.4       9.342  304.50  -11.05  [2]    
     4.3         4.4       9.348  304.55  -11.01  [2]    
     4.4         4.5       0.914   95.93  -29.01  [2]    "The Gills"
     4.4         4.5       0.915   95.77  -29.29  [2]    
     4.4         4.5       0.915   95.86  -29.09  [2]    
     1.0         4.0       0.000    0.00    0.00  [2]    
     3.0                  12.547  285.85  -10.07  [2]    
     3.0                  12.150  285.87  -10.02  [2]    
     3.0                  12.638  285.85  -10.07  [2]    
     3.0         3.1      12.486  287.35   -9.82  [2]    
     3.0         3.1      12.497  287.34   -9.78  [2]    
     3.0         3.1      12.488  287.33   -9.73  [2]    
     3.1                   3.855  307.21  -18.41  [2]    
     3.1                   3.410  306.79  -17.87  [2]    
     3.1         3.2       3.850  306.86  -17.58  [2]    
     3.1         3.2       3.827  306.90  -18.22  [2]    
     3.1         3.2       3.824  306.91  -18.15  [2]    "Yeaster Pot"
     3.2         3.3       6.384  254.86   -6.65  [2]    
     3.2         3.3       6.387  254.93   -6.52  [2]    
     3.2         3.3       6.385  254.90   -6.69  [2]    
     3.3         3.4       4.271  251.87  -15.78  [2]    
     3.3         3.4       4.281  251.92  -15.70  [2]    
     3.3         3.4       4.271  252.03  -15.72  [2]    
     3.4         3.5       7.637  330.86   -2.29  [2]    
     3.4         3.5       7.634  330.81   -2.36  [2]    
     3.4         3.5       7.625  330.91   -2.25  [2]    
     3.5         3.6       7.302  287.72  -18.60  [2]    
     3.5         3.6       7.304  287.69  -18.74  [2]    
     3.5         3.6       7.284  287.80  -18.71  [2]    
     3.6         3.7       1.634  132.59   -0.94  [2]    
     3.6         3.7       1.627  132.74   -1.29  [2]    
     3.6         3.7       1.621  132.79   -1.31  [2]    
     3.7         4.0       0.000    0.00    0.00  [2]    
